chr19	3374124	3374325	G1E_peak_6	61	.	5.72726	8.95599	6.10924	61
chr19	3721985	3722211	G1E_peak_13	57	.	5.68420	8.57524	5.74272	106
chr19	4468484	4468699	G1E_peak_37	50	.	5.02453	7.82324	5.03417	72
chr19	4813101	4813280	G1E_peak_41	78	.	7.06541	10.83040	7.88966	56
chr19	5716091	5716253	G1E_peak_73	53	.	5.58870	8.13948	5.33015	74
chr19	6261029	6261209	G1E_peak_91	54	.	5.47825	8.24728	5.43400	84
chr19	7417998	7418196	G1E_peak_122	52	.	5.55606	8.08734	5.27911	76
chr19	8567235	8567407	G1E_peak_127	78	.	6.68180	10.83016	7.88966	21
chr19	10240791	10240982	G1E_peak_151	52	.	5.54399	8.06807	5.26950	65
chr19	10526083	10526299	G1E_peak_160	158	.	10.49998	19.16236	15.86706	106
chr19	10710109	10710271	G1E_peak_166	50	.	4.31531	7.79051	5.00417	62
chr19	10936196	10936429	G1E_peak_169	86	.	7.17072	11.62228	8.64247	104
chr19	12134399	12134600	G1E_peak_180	107	.	8.08154	13.86212	10.78633	75
chr19	12592024	12592217	G1E_peak_184	65	.	5.40606	9.44407	6.56372	155
chr19	13196956	13197118	G1E_peak_186	23	.	4.06451	4.96713	2.36431	97
chr19	14045574	14045773	G1E_peak_188	71	.	6.72814	10.02346	7.12371	99
chr19	15869430	15869655	G1E_peak_195	99	.	7.52237	12.94968	9.91552	90
chr19	18975043	18975222	G1E_peak_214	46	.	4.94116	7.39181	4.62528	51
chr19	24153022	24153184	G1E_peak_239	33	.	4.53599	6.00515	3.32652	73
chr19	24194298	24194571	G1E_peak_241	136	.	9.37188	16.83105	13.62639	125
chr19	26510959	26511139	G1E_peak_254	52	.	5.55606	8.08734	5.27911	83
chr19	26682813	26683019	G1E_peak_255	72	.	6.69025	10.20221	7.29783	111
chr19	27833337	27833499	G1E_peak_260	46	.	5.41935	7.36659	4.60232	138
chr19	29948238	29948400	G1E_peak_278	24	.	4.04077	5.05244	2.43443	25
chr19	30128236	30128517	G1E_peak_279	42	.	5.03999	7.01627	4.27300	137
chr19	31811370	31811572	G1E_peak_290	67	.	6.47662	9.59330	6.70955	136
chr19	35604596	35604758	G1E_peak_315	34	.	4.74193	6.13830	3.43882	116
chr19	36111188	36111461	G1E_peak_318	97	.	7.87498	12.78315	9.75647	126
chr19	36897880	36898042	G1E_peak_325	33	.	4.54587	6.02064	3.32857	97
chr19	37095715	37095877	G1E_peak_328	48	.	5.29006	7.66443	4.88148	119
chr19	37565987	37566161	G1E_peak_338	34	.	4.60975	6.12102	3.42250	43
chr19	38253773	38253970	G1E_peak_344	22	.	3.64161	4.82366	2.22951	59
chr19	38329248	38329494	G1E_peak_345	73	.	6.56625	10.30356	7.38607	142
chr19	38880364	38880547	G1E_peak_350	102	.	6.75758	13.35132	10.29883	129
chr19	40363579	40363786	G1E_peak_356	123	.	8.85122	15.53864	12.38660	74
chr19	41805931	41806114	G1E_peak_383	63	.	6.06116	9.17828	6.31541	82
chr19	42537688	42537878	G1E_peak_398	57	.	5.06818	8.52866	5.70089	95
chr19	43487571	43487747	G1E_peak_408	88	.	7.10525	11.88154	8.89284	130
chr19	43630719	43630881	G1E_peak_412	33	.	4.54587	6.02064	3.32857	11
chr19	44148444	44148610	G1E_peak_419	52	.	5.55606	8.08734	5.27911	43
chr19	45469896	45470058	G1E_peak_457	84	.	7.07135	11.46068	8.48446	94
chr19	46137218	46137532	G1E_peak_472	99	.	7.80990	13.02934	9.99371	134
chr19	46369387	46369554	G1E_peak_478	67	.	6.35293	9.64959	6.76084	68
chr19	46897214	46897409	G1E_peak_494	42	.	4.99999	6.95300	4.21529	62
chr19	47716233	47716416	G1E_peak_510	64	.	6.14633	9.31535	6.44773	128
chr19	53073625	53073805	G1E_peak_521	96	.	7.80529	12.66672	9.64277	61
chr19	53742022	53742186	G1E_peak_531	63	.	5.89207	9.22014	6.35609	43
chr19	53753187	53753358	G1E_peak_532	91	.	7.26921	12.14759	9.15272	87
chr19	53925266	53925475	G1E_peak_535	63	.	6.06116	9.17828	6.31541	73
chr19	54325079	54325247	G1E_peak_536	48	.	5.43102	7.64144	4.85897	68
chr19	56007549	56007725	G1E_peak_547	84	.	6.58822	11.42466	8.45900	91
chr19	57057720	57057882	G1E_peak_561	77	.	6.82499	10.72337	7.78870	83
chr19	57194015	57194209	G1E_peak_564	79	.	6.73281	10.91252	7.97075	121
chr19	58103665	58103827	G1E_peak_575	40	.	5.01769	6.77213	4.04678	91
chr19	58313967	58314129	G1E_peak_576	24	.	4.04077	5.05244	2.43443	16
chr19	59526681	59526848	G1E_peak_586	42	.	4.34481	6.98161	4.23998	149
chr19	60340347	60340515	G1E_peak_590	29	.	4.26315	5.57992	2.92143	77
chr19	60883268	60883449	G1E_peak_597	48	.	5.55881	7.67550	4.89248	58
