
Pvalues, up/down regulated genes, maximum upregulated gene, its cluster genes:


P-values from ttest:
[ 0.64372328  0.48291408  0.56818047  0.99038586  0.43247703  0.72961645
  0.65168784  0.26891059  0.51250487  0.30301373  0.47657195  0.68808691
  0.14048837  0.49668825  0.31392329  0.02719379  0.94603722  0.18306061
  0.90225169  0.01484495  0.26169902  0.86710771  0.49635772  0.49658764
  0.63988917  0.42424508  0.50000808  0.49963511  0.27178226  0.05069047
  0.98684758  0.9096067   0.12054166  0.94401472  0.40331632  0.52761893
  0.5417366   0.55109372  0.2928126   0.66922298  0.40837123  0.48316967
  0.44796301  0.04866043  0.73360374  0.64272703  0.54915213  0.63010779
  0.3892996   0.69514292  0.44595009  0.69453244  0.42025922  0.02599058
  0.11220372  0.60882611  0.01302074  0.38943379  0.47649155  0.62700908
  0.24176974  0.2397145   0.96187205  0.4958327   0.99690322  0.96588693
  0.10127529  0.26949764  0.74698256  0.76124545  0.53993972  0.94191261
  0.85960275  0.21100592  0.49515152  0.32916692  0.50687816  0.47995547
  0.5671107   0.96147301  0.50519839  0.207279    0.51929406  0.72109207
  0.80620187  0.50060519  0.11909311  0.87982588  0.2868547   0.65986415
  0.0211075   0.29035483  0.54935966  0.01078606  0.95523593  0.61687613
  0.19622933  0.17797787  0.77112484  0.2332104   0.49494446  0.6025557
  0.63047454  0.88763025  0.45903724  0.31632339  0.83703169  0.53393624
  0.88389426  0.67342121  0.4004409   0.50001123  0.63696021  0.22840135
  0.74890159  0.37999956  0.55474306  0.83837135  0.48964832  0.7383263
  0.81269228  0.96862459  0.82499707  0.94673878  0.67878943  0.60037909
  0.43008597  0.27503376  0.16464773  0.51006233  0.72316474  0.90384258
  0.17809914  0.04447641  0.58429993  0.03648397  0.56797861  0.46881366
  0.9493346   0.56878129  0.24802322  0.72721464  0.77292831  0.23966397
  0.21676198  0.2601901   0.26781016  0.55731655  0.00658298  0.31367397
  0.96490066  0.58209235  0.7194962   0.69808012  0.77391251  0.53057376
  0.60815376  0.92002047  0.19495862  0.72777216  0.32898835  0.08186395
  0.72437852  0.06694919  0.06796919  0.13963202  0.08139365  0.24695913
  0.47315497  0.51515493  0.93657613  0.865122    0.90558348  0.86379638
  0.52030001  0.79096392  0.37262006  0.12411963  0.45478053  0.48401671
  0.22585511  0.61415876  0.0762763   0.2847687   0.70597742  0.9197732
  0.25295739  0.09646613  0.25653114  0.46644914  0.61684934  0.67846782
  0.46606583  0.39638824  0.43406773  0.85062639  0.41820891  0.74713241
  0.88951321  0.52093634  0.73237834  0.06488903  0.01358413  0.27238988
  0.49411899  0.76211644  0.62821989  0.63225695  0.61324643  0.58260492
  0.71768012  0.56196942  0.74441247  0.32660523  0.69858057  0.5016279
  0.01513606  0.50439472  0.51882704  0.83520496  0.35175016  0.03224107
  0.03223783  0.52445499  0.53845663  0.52705517  0.35774088  0.73675235
  0.37875744  0.23034946  0.01658788  0.6105659   0.39323235  0.55947423
  0.38527367  0.29356226  0.45925102  0.95541117  0.79362832  0.50445132
  0.87805742  0.27602035  0.4879743   0.19874955  0.30263636  0.46720836
  0.53549137  0.8181146   0.80506384  0.58804842  0.51466417  0.38341212
  0.23365527  0.20623557  0.4832144   0.88492358  0.08229633  0.55779911
  0.31153765  0.50098739  0.31566826  0.13836879  0.46958288  0.44838276
  0.97907977  0.63982442  0.65250482  0.60379187  0.64827563  0.47119631
  0.40347283  0.71628541  0.4643678   0.31019926  0.7602025   0.72622455
  0.54286764  0.68809034  0.66192146  0.59835254  0.39009963  0.27772408
  0.24830572  0.5552379   0.53496851  0.87113401  0.41033316  0.02022793
  0.54393147  0.49989941  0.8715106   0.43761345  0.08046155  0.34357473
  0.76204676  0.54220604  0.4413635   0.81793434  0.69412397  0.32522798
  0.87935191  0.52938553  0.91345913  0.630809    0.47342475  0.20804736
  0.81196956  0.01693219  0.51966735  0.09273624  0.43997711  0.60445729
  0.8990324   0.2349159   0.04685478  0.84762412  0.48233992  0.50554391
  0.65752413  0.19476408  0.50796344  0.22295769  0.23199985  0.47062827
  0.13979421  0.89575703  0.04609378  0.59822761  0.6572112   0.52563173
  0.65972217  0.74215734  0.99538076  0.16779183  0.99822583  0.66507417
  0.70589873  0.24027038  0.77114062  0.40985596  0.13086615  0.03372405
  0.33380989  0.00402573  0.99818953  0.34071556  0.86797581  0.6853085
  0.5134424   0.49642581  0.27937302  0.83318461  0.02844003  0.68807588
  0.51030701  0.13328913  0.91145177  0.35926107  0.63756537  0.30063775
  0.58830774  0.21694166  0.4560225   0.20461563  0.77966718  0.85424613
  0.72186452  0.50717224  0.5967429   0.03282518  0.20204089  0.94863425
  0.66197629  0.79601022  0.77329192  0.3910209   0.98101717  0.26491081
  0.55897147  0.96401303  0.57682852  0.04786637  0.0836738   0.6334029
  0.71844828  0.25760741  0.79634637  0.51535702  0.36412558  0.58310844
  0.54144219  0.61262863  0.16232337  0.95533096  0.34149708  0.42594043
  0.14858006  0.88218678  0.09278028  0.71575959  0.96030043  0.89871763
  0.49779983  0.01041467  0.2169944   0.6502769   0.67121006  0.83878817
  0.42006298  0.93056125  0.01977236  0.65663506  0.48304523  0.32731697
  0.12122028  0.41239996  0.5388857   0.2925822   0.4941274   0.07203321
  0.41751768  0.83887554  0.16574858  0.72787679  0.76982     0.79643436
  0.85850416  0.83258431  0.36459556  0.67748398  0.23341491  0.03353759
  0.01750158  0.55778805  0.77148285  0.72932527  0.06682633  0.38447583
  0.32677587  0.01958366  0.92720447  0.22253219  0.56767548  0.90095434
  0.51971424  0.25148267  0.35421509  0.33515904  0.14317135  0.61280833
  0.88392519  0.7337364   0.84836337  0.91538696  0.45337364  0.19303117
  0.18482051  0.01138933  0.1870423   0.19128581  0.41511324  0.60326629
  0.56428859  0.39224793  0.86690337  0.10417167  0.27726796  0.91148726
  0.14044508  0.3435562   0.24425399  0.74227578  0.10902905  0.96392103
  0.89587578  0.11821971  0.02320079  0.19163765  0.2781483   0.93708802
  0.21201042  0.81583051  0.2529051   0.46905087  0.54684241  0.79070187
  0.33350573  0.62675098  0.65999119  0.51432702  0.97951486  0.05635447
  0.75891348  0.16337736  0.69605539  0.93386954  0.87304773  0.09659852
  0.8304836   0.84200705]

upregulated genes are:
['B230312A22Rik' 'Csf2rb' 'Icam2' 'Phlda1' 'Neat1' 'Bcl2l1' 'Suv420h2'
 'Gmpr' 'Ccrn4l' 'Hmox1' 'Abca7' 'Ehd1' 'Hbb-b2' 'Hbb-b1' 'Adcy6' 'Mafk'
 'Necap2' 'Chpt1' 'Snora7a' 'Klf6' 'Pcyt1a' 'Ndfip1' 'Fam132a' 'Gsk3a'
 'Spry4' 'Lat' 'Stx2' 'Pxmp4' 'Foxo3' 'Icam4' 'Nudt22']

 downregulated genes are
['Lat']

 most upregulated gene is 
['Adcy6']

 genes belonging to the max gene cluster are:
['Epb4.9' 'Alas2' 'Fam132b' '2310046K01Rik' 'Ypel4' 'Mir703' 'Pdia2'
 'Snrpn' 'Snora33' 'Mir546' 'Kalrn' 'Slc38a5' 'Rragd' 'Tmem120b' 'Icam2'
 'Itga7' 'Cldn13' 'Rab3il1' 'Srxn1' 'Mboat2' 'Btn1a1' 'Fn3k' 'Mir7-1'
 'Tubb1' 'Cpne9' 'Mir680-2' 'Matn1' 'Tmem150a' 'Dhrs3' 'Ypel2' 'Abcb9'
 'Pfkfb4' 'Shf' 'Tnfrsf13c' 'Wbscr27' 'Padi3' 'Trp53inp1' 'Kcnh2'
 'Mir692-1' 'Tmem88b' 'Fam83d' 'Ctsf' 'Adcy6' 'Hyal1' 'Dusp8' 'Tsc22d1'
 'Capn5' 'Tcp11l1' 'Trp53inp2' 'Creb3l3' 'Cpeb2' 'Rab4a' 'Chsy1' 'Rcn3'
 'Me1' 'Crlf1' 'Vps37a' 'Tbx6' 'Tubb3' 'Stom' 'Rgs12' '1600014C23Rik'
 'Dstyk' 'Gdpd1' 'Slc26a11' 'Spry4' 'Fam57b' 'Atp8a1' 'Osr2' 'Tulp2' 'Lgr4'
 'Mfsd7b' 'Il9r' 'Fbxo44' 'Igf1r' 'Sema6c' 'Soat2' 'Fhdc1']
